0 0
100 1000 100 10
100 1000 100 10
80.732747 
100.662682
102.236608
102.122090
102.596040
102.867598
103.981552
102.626578
102.103558
102.275717
90.210982
103.264409
103.124815
100.234910
101.592577
97.563830
94.865655
102.782646
97.517852
95.218514
79.566288
103.803792
102.875309
102.580993
103.275777
99.659068
101.295153
87.462990
89.933534
76.991355
47.506733
107.953549
106.482318
99.326424
87.756606
79.110514
92.342509
93.954426
86.498019
98.616719
24.544711
110.981544
102.528727
105.344793
82.907350
112.646541
82.948317
108.146120
85.963260
90.253130
11.397434
108.361264
89.356370
101.200848
80.773923
107.541687
121.187442
115.616115
99.808651
108.049896
12.994077
87.851256
112.485758
96.195081
114.562219
111.641473
99.381272
105.174489
98.796291
105.463353
12.023944
115.164699
115.341932
116.924760
121.495628
103.439729
102.653673
110.059953
104.682430
107.433807
11.546216
133.740491
121.364900
137.371586
116.596642
111.113168
112.703357
118.565110
109.862401
106.344249
11.989038
120.421992
131.200284
124.738935
100
100
100
100
100
100
