1 0
2 2048 2 11
100 1000 100 10
965.823075
1608.591946
2688.219811
4464.468824
6314.266440
9243.081459
11352.981505
12437.671481
13076.453500
13408.862931
13565.624625
1661.312668
3054.292955
5321.288536
8261.020536
10955.115155
13208.516690
14724.758402
15631.625752
16110.204808
16346.900604
16393.901892
1957.274035
3514.597462
5928.758273
8852.062641
11414.693919
13394.967189
14670.766371
15366.580896
15756.555657
15922.836415
15923.919362
2170.896179
3802.803841
6502.377521
9892.792597
13325.993819
15899.619155
17615.682394
18614.760372
19157.114698
19417.997349
19301.716717
2172.877221
3819.785984
6434.564831
9347.607759
11918.278027
13831.694659
15001.249212
15647.241662
15897.405867
15915.770950
15652.829619
2302.645638
4063.271668
6965.501043
9966.424257
12582.099598
14453.834988
15594.788506
16197.759358
16474.605557
16390.338485
16060.565391
2508.028930
4341.966096
7261.458281
10109.409744
12552.983466
14201.202711
15175.978603
15749.481574
15861.508729
15672.706557
15028.349351
2631.051140
4659.283338
7724.033114
11712.259046
15744.940048
18633.752354
20436.112318
21369.026157
21756.283023
21613.263188
21404.259476
2505.095390
4327.646901
7176.427423
9858.197699
11983.033892
13360.177447
14196.387077
14610.991187
14571.590469
13999.473476
13669.515184
2373.823136
4492.204288
7556.353612
10234.913417
12438.335337
13919.094711
14749.459372
15078.419952
15147.114324
14636.077869
13297.325564
