1 0
2 2048 2 11
100 1000 100 10
464.685845
781.284353
1337.155377
2253.750865
3174.843667
4609.988854
5600.837334
6157.987505
6484.211004
6659.171929
6744.177943
803.873196
1480.812567
2545.743309
3847.742218
5331.679832
6520.638454
7299.473648
7734.467661
7999.044557
8124.965532
8159.013248
965.609540
1720.583901
2905.394445
4352.521753
5631.780920
6632.308725
7296.234368
7662.814341
7841.780212
7910.244296
7921.593627
1074.266815
1891.738745
3196.320663
4873.606152
6619.639968
7909.075316
8774.188454
9287.875472
9539.158666
9657.684738
9661.135507
1071.554431
1860.518048
3175.820550
4634.063204
5909.134404
6871.528989
7466.710129
7773.155239
7952.056970
7943.449747
7789.162459
1132.473869
2012.747616
3413.456687
4935.421592
6247.303977
7201.826399
7754.348681
8069.892195
8199.439608
8245.004327
8064.010421
1236.565861
2126.325737
3568.820927
5030.880490
6233.253224
7071.025885
7576.127359
7845.802770
7880.740453
7885.364223
7597.930730
1232.860258
2304.386936
3843.227389
5809.024198
7843.118201
9271.321460
10192.277231
10687.875907
10852.085148
10759.583134
10631.251078
1212.432982
2136.638892
3550.983276
4887.004760
5918.961295
6679.014226
7083.733548
7277.720679
7232.968475
7175.790117
6520.988858
1279.310522
2208.772993
3727.036763
5113.232833
6198.887822
6930.565361
7346.111881
7551.316758
7575.507476
7314.630683
6637.298318
