1 0
2 2048 2 11
100 1000 100 10
11619.268654
14701.477739
15596.474872
16030.196065
16270.454147
16392.109275
16468.983103
16487.565265
16496.505748
16374.798140
16551.532132
19441.876763
21459.135173
21970.213302
22172.855875
22324.297694
22341.815717
22232.936670
22136.667496
22046.515144
22020.855050
20335.213014
17215.773488
22377.172922
22654.015125
22779.719968
22788.836661
22853.694881
22441.469199
22937.229265
21998.552767
18953.804927
16670.209031
19626.194698
23726.758430
23919.526608
23905.779604
24004.500786
23626.656358
23304.947287
22937.644115
23079.224857
18534.633924
22237.506512
12815.963452
23621.451511
23726.891816
23683.798469
23676.075046
23689.162986
23716.340556
23946.906266
19270.961528
22956.824379
23161.373588
23457.347211
24269.448136
24110.613894
24479.133312
23173.511256
23715.282939
21499.598842
19645.949559
21049.998778
24322.941443
24938.264367
14974.510027
23969.131421
24233.326650
23918.008260
23764.426911
20737.547151
23864.805617
20705.688371
23989.084130
24338.121780
24562.792315
16234.077894
23295.020782
23360.429516
22547.646452
21804.059610
21837.988581
23827.277529
21173.484857
23801.205339
24269.410515
23984.024775
13728.112189
21639.356859
21718.192250
20562.860906
19504.323019
18573.210768
19909.920042
20785.175242
21642.913192
22433.448025    
22561.205569
19956.623421
22117.042253
20576.264954
19250.335474
19097.978471
19964.070609
21945.164365
21322.957743
23063.476659
23044.215044
23057.016318
